# This file may be used to create an environment using:
# $ conda create --name <env> --file <this file>
# platform: win-64
# created-by: conda 25.5.1
blinker=1.9.0=py311haa95532_1
bzip2=1.0.8=h2bbff1b_6
ca-certificates=2025.12.2=haa95532_0
click=8.2.1=py311haa95532_1
colorama=0.4.6=py311haa95532_0
flask=3.1.3=py311haa95532_0
itsdangerous=2.2.0=py311haa95532_0
jinja2=3.1.6=py311haa95532_0
libexpat=2.7.4=hd7fb8db_0
libffi=3.4.4=hd77b12b_1
libzlib=1.3.1=h02ab6af_0
markupsafe=3.0.2=py311h827c3e9_0
openssl=3.5.5=hbb43b14_0
packaging=25.0=py311haa95532_1
pip=26.0.1=pyhc872135_0
pymysql=1.1.1=py311haa95532_0
python=3.11.15=h1044e36_0
setuptools=80.10.2=py311haa95532_0
sqlite=3.51.2=hee5a0db_0
tk=8.6.15=hf199647_0
tzdata=2026a=he532380_0
ucrt=10.0.22621.0=haa95532_0
vc=14.3=h2df5915_10
vc14_runtime=14.44.35208=h4927774_10
vs2015_runtime=14.44.35208=ha6b5a95_10
werkzeug=3.1.6=py311haa95532_0
wheel=0.46.3=py311haa95532_0
xz=5.8.2=h53af0af_0
zlib=1.3.1=h02ab6af_0
